-10.0
-9.0
-8.0
-7.0
-6.0
-5.0
-4.5
-4.0
-3.5
-3.0
-2.5
-2.0
-1.5
-1.0
-0.9807877568081638
-0.9445329018130713
-0.9089416285198537
-0.8740017912262281
-0.8397014665357467
-0.8060289492888766
-0.7729727485685545
-0.7405215837788539
-0.7086643807954238
-0.6773902681863884
-0.646688573502415
-0.6165488196346878
-0.5869607212395405
-0.5579141812285306
-0.529399287322758
-0.5014063086702478
-0.47392569252524996
-0.4469480609883143
-0.4204642078060361
-0.39446509522937556
-0.36894185092947906
-0.3438857649699534
-0.31928828683455457
-0.29514102250928187
-0.2714357316178777
-0.2481643246097569
-0.2253188599994076
-0.2028915416563184
-0.18087471614450923
-0.15926087011075873
-0.13804262772063236
-0.11721274814144378
-0.09676412307128213
-0.07668977431326929
-0.05698285139421433
-0.037636629226854845
-0.018644505814886747
0.0
0.018644505814886747
0.037636629226854845
0.05698285139421433
0.07668977431326929
0.09676412307128213
0.11721274814144378
0.13804262772063236
0.15926087011075873
0.18087471614450923
0.2028915416563184
0.2253188599994076
0.2481643246097569
0.2714357316178777
0.29514102250928187
0.31928828683455457
0.3438857649699534
0.36894185092947906
0.39446509522937556
0.4204642078060361
0.4469480609883143
0.47392569252524996
0.5014063086702478
0.529399287322758
0.5579141812285306
0.5869607212395405
0.6165488196346878
0.646688573502415
0.6773902681863884
0.7086643807954238
0.7405215837788539
0.7729727485685545
0.8060289492888766
0.8397014665357467
0.8740017912262281
0.9089416285198537
0.9445329018130713
0.9807877568081638
1.01771856565803
1.0553379311882458
1.0936586911978425
1.1326939228402688
1.1724569470860375
1.2129613332685745
1.2542209037148195
1.2962497384621696
1.33906218006336
1.3826728384809326
1.4270965960729627
1.4723486126717371
1.5184443307571223
1.5653994807263922
1.6132300862623024
1.6619524698012569
1.7115832581034187
1.7621393879266773
1.8136381118064038
1.866097003942965
1.9195339661990092
1.9739672342085655
2.02941538360005
2.085897336335288
2.1434323671667346
2.2020401102150777
2.261740565669484
2.3225541066127606
2.384501485973777
2.4476038436095084
2.5118827135191117
2.5773600311925184
2.644058141096031
2.7119998042974816
2.7812082062335635
2.851706964621983
2.9235201375211175
2.996672231539954
3.0711882102010977
3.1470935024596907
3.224414011381178
3.3031761229808634
3.3834067152282623
3.4651331672193484
3.548383368519813
3.6331857286825153
3.719569186942386
3.807563222092094
3.8971978625418258
3.988503696566637
4.0815118827448575
4.17625416059111
4.272762861387582
4.371070919217242
4.471211882202757
4.573219923954963
4.677129855234784
4.782977135832576
4.890797886668963
5.000628902121285
5.112507662579863
5.226472347238373
5.342561847122689
5.460815778362647
5.581274495711242
5.703979106315895
5.828971483746481
5.9562942822848886
6.085990951481011
6.2181057509801345
6.352683765626751
6.489770920850001
6.629413998335958
6.7716606519921125
6.916559424209504
7.0641597624280745
7.2145120360108415
7.367667553432701
7.523678579789717
7.682598354634832
7.844481110146145
8.009382089633922
8.177357566392638
8.348464862904539
8.522762370401226
8.700309568789958
8.881167046951461
9.065396523416215
9.253060867426187
9.444224120389306
9.638951517733883
9.837309511170568
10.039365791369319
10.245189311059164
10.454850308558706
10.66842033174529
10.885972262471055
11.107580341434277
11.33332019351436
11.563268853579196
11.797504792773736
12.036107945298651
12.27915973568826
12.526743106597108
12.77894254710454
13.035844121547019
13.297535498888042
13.564105982635615
13.835646541317487
14.112249839524683
14.394010269533727
14.681023983518472
14.973388926362556
15.271204869083576
15.574573442880414
15.883598173815464
16.19838451814338
16.519039898298562
16.845673739553618
17.1783975073613
17.517324745392617
17.862571114284233
18.214254431108227
18.572494709577732
18.93741420100229
19.30913743600669
19.687791267027645
20.073504911602903
20.466409996467334
20.866640602471207
21.274333310336015
21.689627247263306
22.112664134412515
22.54358833526409
22.982546904884227
23.42968964010813
23.885169130659
24.34914081122002
24.821763014477188
25.30319702515123
25.793607135036783
26.293160699067762
26.802028192428164
27.320383268727543
27.84840281926115
28.386267033375052
28.93415945995664
29.49226707007154
30.06078032076856
30.63989322007406
31.229803393198118
31.830712149975255
32.442824553562346
33.06634949041747
33.70149974158352
34.348492055300774
35.0075472209733
35.678890144514554
36.36274992509754
37.059359933336175
37.76895789092414
38.491785951758565
39.22809078457638
39.97812365713122
40.742140521939746
41.52040210362686
42.31317398789927
43.12072671217785
43.94333585792007
44.78128214466348
45.63485152582262
46.50433528627219
47.390030141749435
48.29223834010982
49.21126776447077
50.14743203827829
51.10105063233249
52.072448973808704
53.06195855731118
54.069917057997124
55.09666844681027
56.142563107862614
57.20795795800468
58.29321656862537
59.39870928972246
60.52481337628633
61.67191311704031
62.840399965581064
64.03067267396402
65.24313742877973
66.47820798976697
67.73630583101031
69.01786028477039
70.32330868799575
71.65309653156604
73.00767761231833
74.38751418790748
75.79307713455377
77.22484610773199
78.68330970585625
80.16896563701648
81.68232088882417
83.2238919014242
84.79420474373268
86.39379529296076
88.02320941748542
89.68300316312958
91.37374294291594
93.09600573035802
94.85037925635527
96.63746220975946
98.45786444168014
100.31220717359923
102.2011232093664
104.12525715114626
106.08526561939225
108.08181747692178
110.11559405716864
112.1872893966921
114.29761047201997
116.44727744090807
118.63702388809779
120.86759707565514
123.13975819797845
125.45428264155926
127.81196024958712
130.2135955914875
132.66000823748527
135.15203303828685
137.6905204099778
140.27633662423128
142.91036410392763
145.59350172428574
148.32666511960892
151.1107869957491
153.9468174483983
156.83572428731313
159.77849336658477
162.77612892106674
165.82965390907535
168.94011036147862
172.10855973729565
175.3360832859243
178.62378241612302
181.97277907187237
185.38421611524402
188.85925771640774
192.39908975091134
196.004920204366
199.67797958467756
203.41952134196376
207.23082229630052
211.1131830734425
215.06792854866939
219.09640829890554
223.19999706327013
227.3800952122138
231.6381292254025
235.97555217850984
240.39384423908803
244.89451317168152
249.47909485235962
254.14915379284196
258.90628367439626
263.7521078916891
268.68828010677913
273.71648481343675
278.83843791198603
284.0558872948648
289.3706134431019
294.78443003391396
300.29918455963417
305.91675895817684
311.6390702552587
317.4680712185936
323.40575102428465
329.4541359356396
335.6152899946449
341.8913157263298
348.28435485626346
354.79658904142997
361.43024061473005
368.1875733433621
375.0708932013463
382.08254915644835
389.2249339717773
396.50048502232784
403.9116851267472
411.4610633946084
419.15119608948345
426.9847075081053
434.96427087592275
443.09260925935166
451.3724964950362
459.8067581364327
468.39827241804636
477.1499712376423
486.0648411567704
495.1459244199446
504.396319992825
513.8191846197535
523.4177339010116
533.1952433901587
543.1550497118312
553.3005517003833
563.6352115597565
574.162556044972
584.8861776656576
595.8097359120065
606.9369585035988
618.2716426615036
629.8176564041011
641.5789398670604
653.5595066479353
665.7634451758221
678.1949201065564
690.8581737439246
703.7575274873707
716.897383306694
730.2822252442475
743.916620945137
757.8052232159542
771.9527716125704
786.3640940575344
801.044108487623
815.9978245321159
831.2303452223547
846.7468687331778
862.5526901568254
878.6532033099162
895.0539025741115
911.7603847711063
928.7783510725692
946.1136089456974
963.7720741350436
981.7597726812955
1000.0828429776885
1018.7475378647691
1037.760226764205
1057.1273978523832
1076.8556602745327
1096.9517464001308
1117.4225141203528
1138.2749491883696
1159.5161676032667
1181.1534180384158
1203.194084315121
1225.6456879223874
1248.515890583662
1271.8124968714421
1295.5434568706219
1319.7168688914994
1344.340982233367
1369.4241999996223
1394.9750819653764
1421.0023474985167
1447.5148785352349
1474.5217226110349
1502.0320959482492
1530.0553866011173
1558.6011576595154
1587.6791505124017
1617.2992881721193
1647.4716786606712
1678.2066184591374
1709.514596021395
1741.406295353364
1773.8925996589746
1806.9845950541155
1840.6935743498273
1875.0310409060337
1910.008712557114
1945.638525610684
1981.9326389209143
2018.9034380378037
2056.5635394338087
2094.925794809283
2134.0032954781755
2173.80937683552
2214.3576229082
2255.661870990565
2297.736216366481
2340.5950171194186
2384.252899032211
2428.724760578192
2474.025778005366
2520.171410515381
2567.177405539061
2615.0598041102967
2663.8349463401223
2713.5194769928735
2764.1303511662895
2815.684840077529
2868.200536957057
2921.6953630524313
2976.1875737440046
3031.6957647746826
3088.238878595806
3145.836210831359
3204.5074168626998
3264.2725185360614
3325.1519109950964
3387.1663696408405
3450.337057221412
3514.68553105391
3580.2337503809567
3647.0040838644063
3715.019317218746
3784.3026609868616
3854.877758460737
3926.7686937498497
